32546838
31069274
30867590
30866997
29044127
28334900
28249593
28211448
27498871
27412862
27197245
26938915
26436532
27148575
25572802
25532760
24895338
25028498
23945592
23383675
22608084
22722201
22522925
22495314
22267852
22084253
22069496
21190999
20942669
19476653
18005407
17563351
15123817
15005798
32966276
31501550
32033589
31730858
31623682
30078558
28327288
28232751
28183333
28025748
27641504
27368372
27264733
27161491
25963125
25470049
25060187
25315013
25043256
25164602
25169931
28898635
24633410
24582497
24130829
23671412
23596205
23395906
22637570
1932-6203
22745804
22608083
22285562
21808033
21527035
21337521
21124978
20565980
20081860
19995452
19909513
18922781
17875215
16344558
15665093
11250749
11178245